%YAML:1.0
features_train: !!opencv-matrix
   rows: 120
   cols: 2
   dt: f
   data: [ 2.58053392e-001, 7.78387606e-001, 3.57649326e-001,
       9.25306380e-001, 3.37647974e-001, 9.97261882e-001,
       4.61427420e-001, 6.84300363e-001, 4.90533650e-001,
       9.09346879e-001, 3.73001993e-001, 9.54469025e-001,
       1.58081129e-001, 7.18443573e-001, 1.97320342e-001,
       6.62608385e-001, 4.47289795e-001, 8.63373280e-001,
       2.11267143e-001, 9.42321539e-001, 1.40066624e-001,
       8.68871629e-001, 2.69049585e-001, 5.48798621e-001,
       4.07251596e-001, 8.12895358e-001, 1.69059988e-002,
       6.38007998e-001, 4.89563376e-001, 7.31629610e-001,
       3.06131274e-001, 6.76249146e-001, 2.91522324e-001,
       9.49587286e-001, 1.98018327e-001, 5.74569166e-001,
       4.82135750e-002, 7.02689588e-001, 2.95353770e-001,
       5.98481357e-001, 2.50749979e-002, 7.52890408e-001,
       1.43840268e-001, 8.45005333e-001, 1.02258496e-001,
       6.95277393e-001, 5.31372428e-002, 8.71408582e-001,
       2.18308717e-002, 9.38564241e-001, 2.14874253e-001,
       5.99766016e-001, 2.37788148e-002, 9.65041518e-001,
       3.43435585e-001, 9.05480623e-001, 2.04159439e-001,
       6.83676302e-001, 5.55694252e-002, 7.91498065e-001,
       6.09211147e-001, 5.58878146e-002, 8.38183701e-001,
       8.38560462e-002, 6.05137348e-001, 2.67569482e-001,
       6.50795400e-001, 8.33749399e-002, 5.71596026e-001,
       7.00268596e-002, 6.85174942e-001, 3.83656174e-001,
       6.66766822e-001, 4.07764733e-001, 9.76945162e-001,
       5.72434720e-003, 5.47983706e-001, 3.15698646e-002,
       8.30683053e-001, 2.38614529e-001, 5.46331644e-001,
       4.13210779e-001, 5.35800278e-001, 1.35425299e-001,
       5.04161954e-001, 2.19861835e-001, 7.84031451e-001,
       7.11708292e-002, 7.05959678e-001, 3.09460223e-001,
       8.00940275e-001, 1.34199381e-001, 8.43060672e-001,
       4.15234357e-001, 8.83140802e-001, 1.52871767e-002,
       6.11243904e-001, 2.55478434e-002, 9.15815234e-001,
       1.43864512e-001, 7.66516507e-001, 1.79040879e-002,
       5.16106725e-001, 1.40886664e-001, 7.50863612e-001,
       3.04178059e-001, 7.30218112e-001, 1.37786858e-003,
       9.81037199e-001, 3.81794065e-001, 7.55486846e-001,
       2.48507671e-002, 9.52833414e-001, 1.39027759e-001, 1.,
       1.10818096e-001, 5.43507993e-001, 1.72584236e-001,
       9.06567752e-001, 2.64341414e-001, 7.12727234e-002,
       4.21634197e-001, 1.81710228e-001, 2.30578959e-001,
       2.12404802e-001, 0., 4.44189966e-001, 7.65953436e-002,
       5.34456298e-002, 2.46480241e-001, 3.48652303e-002,
       9.11222696e-002, 1.34778664e-001, 7.42972270e-002,
       3.07247013e-001, 8.50209147e-002, 3.47767115e-001,
       2.23542079e-001, 0., 2.55637527e-001, 3.36356729e-001,
       3.95976335e-001, 4.67289597e-001, 2.84392476e-001,
       6.40554130e-002, 2.25821510e-001, 3.97227705e-001,
       3.96907359e-001, 1.12529807e-001, 1.98872223e-001,
       1.31556213e-001, 4.82407361e-001, 2.22822368e-001,
       4.81422603e-001, 1.42172456e-001, 3.08159947e-001,
       5.27576730e-002, 3.12344700e-001, 3.92633826e-001,
       3.43510043e-003, 7.00065345e-002, 4.97378826e-001,
       3.12030256e-001, 2.19040975e-001, 7.21634030e-002,
       3.81989211e-001, 2.25439638e-001, 3.72227997e-001,
       3.17271650e-001, 3.47615659e-001, 4.16501135e-001,
       4.95671242e-001, 2.49360695e-001, 1.12614602e-001,
       4.50461537e-001, 6.44646436e-002, 4.16159272e-001,
       2.84803152e-001, 1.83013692e-001, 3.17857452e-002,
       5.97925425e-001, 1., 7.18239605e-001, 9.52328563e-001,
       5.86396039e-001, 9.12408471e-001, 7.14420557e-001,
       5.35518110e-001, 6.85942292e-001, 8.40730488e-001,
       5.49659014e-001, 7.20036983e-001, 6.78490222e-001,
       7.08881855e-001, 9.72826838e-001, 7.81138301e-001,
       6.58583760e-001, 5.33818066e-001, 7.83609569e-001,
       6.97938740e-001, 9.42848682e-001, 7.19859302e-001,
       9.18646336e-001, 6.34512663e-001, 7.90010154e-001,
       5.15954196e-001, 5.04401326e-001, 7.08963871e-001,
       9.30132210e-001, 5.20347834e-001, 7.30687439e-001,
       8.55356872e-001, 6.16168916e-001, 7.78478622e-001,
       6.66610599e-001, 6.36730731e-001, 5.24408996e-001,
       9.82649028e-001, 5.94789684e-001, 5.66449523e-001,
       6.05821967e-001, 8.62558067e-001, 6.91489339e-001,
       5.82864285e-001, 5.50596833e-001, 6.59308195e-001,
       8.89506280e-001, 5.73549151e-001, 6.95239127e-001,
       7.63945818e-001, 5.24647474e-001, 6.94656014e-001,
       8.99770856e-001, 6.46837771e-001, 8.26188922e-001,
       7.73670733e-001, 7.17009068e-001, 9.77128029e-001,
       7.15152621e-001, 7.07201958e-001 ]
response_train: !!opencv-matrix
   rows: 120
   cols: 1
   dt: i
   data: [ 0, 0, 0, 0, 0, 0, 0, 0, 0, 0, 0, 0, 0, 0, 0, 0, 0, 0, 0, 0, 0,
       0, 0, 0, 0, 0, 0, 0, 0, 0, 0, 0, 0, 0, 0, 0, 0, 0, 0, 0, 0, 0, 0,
       0, 0, 0, 0, 0, 0, 0, 0, 0, 0, 0, 0, 0, 0, 0, 0, 0, 1, 1, 1, 1, 1,
       1, 1, 1, 1, 1, 1, 1, 1, 1, 1, 1, 1, 1, 1, 1, 1, 1, 1, 1, 1, 1, 1,
       1, 1, 1, 1, 1, 1, 1, 1, 1, 1, 1, 1, 1, 1, 1, 1, 1, 1, 1, 1, 1, 1,
       1, 1, 1, 1, 1, 1, 1, 1, 1, 1, 1 ]
