%YAML:1.0
features_train: !!opencv-matrix
   rows: 100
   cols: 2
   dt: f
   data: [ 5.13574660e-001, 5.79101861e-001, 7.04856515e-001,
       7.23629892e-001, 9.41280365e-001, 3.65700066e-001,
       4.66691852e-001, 6.90914989e-001, 5.14758646e-001,
       7.53250539e-001, 3.90291631e-001, 5.46777010e-001,
       4.78366256e-001, 4.49309468e-001, 5.06690562e-001,
       5.24722040e-001, 5.22358239e-001, 6.09424412e-001,
       6.08729839e-001, 4.22028095e-001, 0., 8.69440615e-001,
       8.26079011e-001, 8.14910233e-001, 3.43057781e-001,
       4.57964599e-001, 7.13107228e-001, 7.52444923e-001,
       9.52395260e-001, 2.51129717e-001, 3.83113146e-001,
       3.92524779e-001, 6.19145989e-001, 6.52312338e-001,
       7.67658770e-001, 6.09045267e-001, 4.88632202e-001,
       6.48593605e-001, 3.91270459e-001, 5.73675215e-001,
       4.61141378e-001, 2.25335389e-001, 9.56977233e-002, 1.,
       6.05664015e-001, 3.12010139e-001, 7.36036777e-001,
       5.20879626e-001, 2.80505925e-001, 6.75642550e-001,
       6.10246181e-001, 4.48874891e-001, 8.20078611e-001,
       5.67268252e-001, 7.27000892e-001, 1.13501035e-001,
       8.79905641e-001, 3.30896437e-001, 5.68231821e-001,
       2.23076686e-001, 5.03015876e-001, 4.63996083e-001,
       2.81109452e-001, 7.58488119e-001, 2.50477493e-001,
       9.53298390e-001, 7.08029091e-001, 9.83893216e-001,
       6.20642543e-001, 4.19357717e-001, 4.65278864e-001,
       4.87688899e-001, 4.25898731e-001, 6.37462795e-001,
       5.14166594e-001, 6.35549486e-001, 4.05845106e-001,
       7.96426892e-001, 6.61504209e-001, 2.53965527e-001,
       4.73447353e-001, 4.40506697e-001, 1.76170632e-001,
       7.96471417e-001, 7.09839761e-001, 3.12984049e-001,
       3.86880428e-001, 6.38915896e-001, 5.75308859e-001,
       4.23335463e-001, 4.98976141e-001, 7.64251947e-001,
       5.98476171e-001, 6.54628456e-001, 5.97031355e-001,
       5.14138639e-001, 6.11730397e-001, 4.09629196e-001,
       5.04994392e-001, 5.20614803e-001, 9.67888117e-001,
       7.18463063e-001, 6.25871658e-001, 4.77589458e-001,
       5.24382532e-001, 8.95188212e-001, 7.68643379e-001,
       4.53283608e-001, 5.71240187e-001, 3.37596714e-001,
       8.65405262e-001, 7.07616627e-001, 7.28164434e-001,
       4.37890857e-001, 4.13732111e-001, 5.95349789e-001,
       4.30932909e-001, 6.65032923e-001, 6.24038339e-001,
       6.93760753e-001, 4.52873468e-001, 7.76970804e-001,
       5.58733284e-001, 5.67987680e-001, 3.50616604e-001,
       6.41968787e-001, 9.46615279e-001, 6.06799543e-001,
       5.10081530e-001, 5.18830121e-001, 7.75701463e-001,
       5.71102858e-001, 1., 5.57696521e-001, 3.15067947e-001,
       7.90862679e-001, 5.16815662e-001, 6.04104459e-001,
       4.70087826e-001, 9.87994909e-001, 5.32410324e-001,
       8.05367827e-001, 2.67661035e-001, 3.52784961e-001,
       7.06684470e-001, 6.04764462e-001, 6.66456759e-001, 0.,
       3.35913390e-001, 6.04074538e-001, 3.69953007e-001,
       2.70515382e-001, 2.68071830e-001, 4.58055973e-001,
       5.28578579e-001, 6.42387629e-001, 5.11154652e-001,
       7.85110831e-001, 6.23140872e-001, 5.53693652e-001,
       8.62274408e-001, 2.20382828e-002, 6.76623821e-001,
       7.25357056e-001, 4.20004249e-001, 4.32250440e-001,
       6.87662661e-001, 7.33144820e-001, 5.00532806e-001,
       4.78791058e-001, 4.13879991e-001, 8.01435530e-001,
       8.63012969e-001, 7.46088386e-001, 4.69127446e-001,
       4.55909342e-001, 4.60268348e-001, 4.13478851e-001,
       9.29607332e-001, 2.40470976e-001, 6.03238702e-001,
       6.02273345e-001, 1.81450620e-001, 3.32544804e-001,
       5.24175644e-001, 6.04664445e-001, 7.67096758e-001,
       4.95211720e-001, 5.82283139e-001, 5.29962122e-001,
       6.82448745e-001, 5.77216923e-001, 5.60053051e-001,
       5.75162053e-001, 4.32468176e-001, 4.71501440e-001,
       9.08796787e-001, 5.46830475e-001, 4.75182712e-001,
       1.92473993e-001 ]
response_train: !!opencv-matrix
   rows: 100
   cols: 1
   dt: i
   data: [ 0, 1, 1, 0, 0, 0, 0, 0, 0, 0, 1, 1, 1, 1, 1, 1, 0, 1, 0, 0, 1,
       1, 1, 0, 1, 0, 1, 1, 1, 1, 0, 1, 1, 1, 0, 0, 0, 0, 1, 1, 0, 1, 1,
       1, 0, 1, 0, 0, 0, 0, 1, 0, 1, 1, 1, 1, 0, 0, 0, 0, 1, 0, 1, 1, 0,
       1, 1, 1, 0, 1, 1, 1, 0, 1, 1, 1, 1, 0, 1, 0, 1, 0, 1, 1, 0, 1, 1,
       0, 0, 1, 0, 1, 0, 1, 0, 0, 0, 0, 1, 1 ]
