%YAML:1.0
features_train: !!opencv-matrix
   rows: 50
   cols: 2
   dt: f
   data: [ 3.18920761e-001, 9.25965980e-002, 6.06578998e-002,
       3.35858375e-001, 5.06771922e-001, 2.29192629e-001,
       2.86958694e-001, 2.50547081e-001, 2.37775564e-001,
       4.37199533e-001, 2.04643428e-001, 1.92823872e-001,
       4.81628031e-001, 3.76663923e-001, 9.71563756e-002,
       2.58553326e-001, 0., 1.00707747e-001, 4.32704628e-001,
       3.00523162e-001, 5.36785305e-001, 5.01860142e-001,
       4.07219201e-001, 8.19153786e-002, 2.97041476e-001,
       1.31987795e-001, 3.89407128e-001, 1.55376151e-001,
       4.50167120e-001, 0., 2.77722001e-001, 2.93436855e-001,
       2.45388612e-001, 4.05114561e-001, 3.13846588e-001,
       2.87617415e-001, 1.80397823e-001, 3.85220289e-001,
       1.36215305e-002, 1.90462023e-001, 3.38088661e-001,
       4.37750429e-001, 3.99747193e-001, 1.61606014e-001,
       4.15225536e-001, 5.35763092e-002, 2.09817544e-001,
       2.90397108e-001, 4.49639782e-002, 2.34611809e-001,
       7.23498225e-001, 6.35558486e-001, 8.75268638e-001,
       6.93603337e-001, 7.70005763e-001, 6.09843612e-001, 1.,
       5.81226349e-001, 5.11156917e-001, 6.19727731e-001,
       6.17015123e-001, 8.66248071e-001, 7.23203123e-001, 1.,
       7.17683375e-001, 4.85958487e-001, 7.72657275e-001,
       4.17152107e-001, 6.00500345e-001, 6.93548322e-001,
       8.59410822e-001, 6.53917849e-001, 7.28655875e-001,
       5.47931612e-001, 6.13789380e-001, 7.13106692e-001,
       7.01697826e-001, 6.11454904e-001, 8.06350052e-001,
       5.49569726e-001, 9.03785765e-001, 8.22944820e-001,
       4.79969352e-001, 7.73020387e-001, 5.14713883e-001,
       7.46461272e-001, 8.07969391e-001, 4.26326215e-001,
       8.80952001e-001, 6.70066893e-001, 7.84984171e-001,
       5.08335054e-001, 8.68138909e-001, 7.64290810e-001,
       5.36226332e-001, 6.33460104e-001, 3.69406879e-001,
       5.96304655e-001, 7.96133816e-001, 7.13120759e-001 ]
response_train: !!opencv-matrix
   rows: 50
   cols: 1
   dt: i
   data: [ 0, 0, 0, 0, 0, 0, 0, 0, 0, 0, 0, 0, 0, 0, 0, 0, 0, 0, 0, 0, 0,
       0, 0, 0, 0, 1, 1, 1, 1, 1, 1, 1, 1, 1, 1, 1, 1, 1, 1, 1, 1, 1, 1,
       1, 1, 1, 1, 1, 1, 1 ]
features_test: !!opencv-matrix
   rows: 50
   cols: 2
   dt: f
   data: [ 4.79505718e-001, 3.97656143e-001, 1.30675972e-001,
       3.60225886e-002, 3.67716908e-001, 2.98580945e-001,
       2.60667741e-001, -5.06756343e-002, 2.12131083e-001,
       -4.39416058e-002, 3.16086352e-001, 2.20277309e-001,
       1.46452859e-001, 4.10246760e-001, 2.37097159e-001,
       2.70987540e-001, 2.95049697e-001, 4.13207710e-001,
       3.48849475e-001, 1.92885816e-001, 3.04926902e-001,
       -4.73730266e-002, 3.66618931e-001, 4.47973497e-002,
       -5.19859903e-002, 3.45808744e-001, 3.28474879e-001,
       3.89982492e-001, 1.16933808e-001, -5.56131750e-002,
       2.94612888e-002, 1.61940336e-001, 3.55521768e-001,
       3.30259740e-001, 3.15649569e-001, 2.59338647e-001,
       2.91479304e-002, 1.62079424e-001, 4.40415740e-001,
       2.07301319e-001, 4.75136369e-001, 3.88047516e-001,
       4.63446587e-001, -4.54502404e-002, 3.16562176e-001,
       4.43282574e-001, 3.36596280e-001, 4.26354975e-001,
       2.41248325e-001, 2.13758662e-001, 5.72756886e-001,
       4.97158557e-001, 5.64404964e-001, 6.42745972e-001,
       6.39627159e-001, 6.55131042e-001, 7.18461275e-001,
       3.90127808e-001, 5.25737882e-001, 8.21345747e-001,
       7.13066399e-001, 3.96984130e-001, 7.12703109e-001,
       6.05702102e-001, 5.96001089e-001, 5.81479669e-001,
       6.80639803e-001, 6.16609097e-001, 1.01808727e+000,
       5.92961013e-001, 7.51420617e-001, 6.77424788e-001,
       8.67743134e-001, 6.14219189e-001, 8.82426083e-001,
       5.21555781e-001, 8.63585770e-001, 6.49525225e-001,
       8.53938937e-001, 6.15829349e-001, 5.48568726e-001,
       5.71386695e-001, 8.58220279e-001, 4.99672383e-001,
       6.74183607e-001, 8.56704593e-001, 5.54952025e-001,
       8.17125618e-001, 7.57937610e-001, 6.93843544e-001,
       5.66809237e-001, 6.29167378e-001, 7.60961115e-001,
       8.16228032e-001, 5.14273942e-001, 5.09755611e-001,
       5.68053663e-001, 5.89500725e-001, 5.82908928e-001,
       7.97304690e-001 ]
response_test: !!opencv-matrix
   rows: 50
   cols: 1
   dt: i
   data: [ 0, 0, 0, 0, 0, 0, 0, 0, 0, 0, 0, 0, 0, 0, 0, 0, 0, 0, 0, 0, 0,
       0, 0, 0, 0, 1, 1, 1, 1, 1, 1, 1, 1, 1, 1, 1, 1, 1, 1, 1, 1, 1, 1,
       1, 1, 1, 1, 1, 1, 1 ]
