%YAML:1.0
features_train: !!opencv-matrix
   rows: 200
   cols: 2
   dt: f
   data: [ 9.23188388e-001, 2.81033367e-001, 5.56095600e-001,
       4.07304674e-001, 7.33993888e-001, 7.64802933e-001,
       3.11633110e-001, 9.26470995e-001, 3.19533169e-001,
       6.76603198e-001, 9.19978261e-001, 8.29188704e-001,
       9.48017120e-001, 6.12382472e-001, 6.04469895e-001,
       8.28825116e-001, 1.98616758e-001, 6.21598184e-001,
       9.37378526e-001, 4.58820879e-001, 4.37339514e-001,
       9.17993546e-001, 9.51850563e-002, 8.09492052e-001,
       9.31055009e-001, 3.11917990e-001, 7.21122801e-001,
       5.21598518e-001, 6.20808065e-001, 2.49871209e-001,
       9.57363605e-001, 2.20174223e-001, 3.36727530e-001,
       6.98469520e-001, 1.99695230e-001, 1.88084617e-001,
       5.08320987e-001, 2.51103222e-001, 6.85165942e-001,
       5.62294245e-001, 2.90427893e-001, 5.36628425e-001,
       7.00226784e-001, 4.24038842e-002, 2.75285929e-001,
       4.49603170e-001, 1.77541122e-001, 3.25751990e-001,
       8.43398646e-002, 6.82761669e-001, 8.35893512e-001,
       8.35663855e-001, 5.95620453e-001, 1.44529998e-001,
       4.24410045e-001, 8.81432950e-001, 2.97260508e-002,
       3.72911274e-001, 3.02218646e-001, 4.92750853e-002,
       8.94066691e-001, 5.29044032e-001, 7.84802973e-001,
       1.85352955e-002, 4.77448702e-001, 1.54970646e-001,
       1.38135910e-001, 7.36653566e-001, 1.21409625e-001,
       1.89484030e-001, 3.21798444e-001, 7.23492980e-001,
       2.50252336e-001, 9.95949030e-001, 6.00984991e-001,
       5.99304855e-001, 4.31600571e-001, 8.13754678e-001,
       6.09924719e-002, 7.65837312e-001, 1.35150906e-002,
       6.20632291e-001, 4.19620484e-001, 9.06630814e-001,
       2.69012123e-001, 9.86599565e-001, 5.04280269e-001,
       9.87812757e-001, 3.74462083e-002, 2.12650329e-001,
       8.79698694e-001, 9.40934181e-001, 0., 3.27908605e-001,
       2.18182102e-001, 7.01862946e-002, 2.00395674e-001,
       6.68804586e-001, 1.17479846e-001, 3.25947911e-001,
       2.06922844e-001, 2.14460883e-002, 9.75971818e-001,
       1.56506211e-001, 9.13748205e-001, 5.47566831e-001,
       7.40083635e-001, 6.33893460e-002, 5.46617746e-001,
       5.37454486e-001, 3.47838521e-001, 7.91257143e-001,
       7.95364156e-002, 7.38890707e-001, 7.50420570e-001,
       5.43502569e-001, 3.99174571e-001, 5.52050591e-001,
       4.32528079e-001, 1.36501953e-001, 1., 1.56087816e-001,
       8.99176598e-001, 7.68681705e-001, 9.79529738e-001,
       4.25852627e-001, 3.63168329e-001, 2.17553437e-001,
       1.56322926e-001, 2.81500876e-001, 8.80022824e-001,
       3.78247797e-001, 5.70542276e-001, 7.95516968e-001,
       3.75378400e-001, 9.58661497e-001, 6.66996717e-001,
       1.29094139e-001, 4.95690674e-001, 6.32761240e-001,
       4.54276025e-001, 4.95358184e-003, 7.76855052e-001,
       6.74549460e-001, 5.76449752e-001, 0., 3.02962661e-001,
       7.46309102e-001, 5.46998262e-001, 8.91417339e-002,
       1.63353369e-001, 5.42428017e-001, 7.58929312e-001,
       2.36363277e-001, 9.57707584e-001, 1.25828877e-001,
       4.88293506e-002, 2.17413455e-001, 8.31616104e-001,
       7.71869719e-002, 9.77623463e-001, 1.15236446e-001,
       9.11787003e-002, 7.95256272e-002, 7.71122932e-001,
       8.95659626e-002, 5.59735775e-001, 8.38861521e-003,
       2.87757218e-001, 5.55849791e-001, 7.67708659e-001,
       2.48381793e-001, 9.14104134e-002, 4.72788006e-001,
       5.90322614e-001, 4.64537501e-001, 7.16625750e-001,
       3.86787504e-001, 2.19797000e-001, 8.85360599e-001,
       9.37517345e-001, 4.25560981e-001, 6.70504987e-001,
       6.57207608e-001, 6.94100022e-001, 2.07224160e-001,
       2.59116273e-002, 7.44459867e-001, 1.04546510e-001,
       7.59731174e-001, 2.07756847e-001, 5.51019788e-001,
       1.81266874e-001, 7.60671347e-002, 7.33516634e-001,
       1.52416036e-001, 9.57175374e-001, 7.68425167e-001,
       8.33395898e-001, 5.17541289e-001, 3.21641445e-001,
       6.07737303e-001, 4.61413115e-001, 9.13169563e-001,
       5.25905527e-002, 4.39770162e-001, 2.71189809e-001,
       1.93598792e-001, 2.85628140e-001, 9.21303034e-002,
       1.15977421e-001, 6.60341561e-001, 5.14228046e-001,
       6.19741559e-001, 7.31965184e-001, 6.58924282e-001,
       5.06883979e-001, 9.99872327e-001, 1.00022011e-001,
       7.56100476e-001, 6.18102252e-001, 2.43943915e-001,
       4.71022367e-001, 2.87999243e-001, 1.20864496e-001,
       5.07814437e-002, 1.99616805e-001, 1., 8.60442698e-001,
       5.24058700e-001, 6.41240954e-001, 3.78575146e-001,
       5.95400691e-001, 2.15622008e-001, 8.57192874e-001,
       7.86781788e-001, 6.59866810e-001, 5.13052225e-001,
       6.20330513e-001, 2.42714271e-001, 9.37854290e-001,
       9.22534466e-001, 3.81042033e-001, 8.69750559e-001,
       7.74322629e-001, 4.36254948e-001, 1.84577495e-001,
       3.79302710e-001, 4.94159944e-002, 6.99259281e-001,
       3.70370328e-001, 7.09934175e-001, 3.83428335e-001,
       1.67249113e-001, 5.31252027e-001, 9.11436379e-001,
       3.16609055e-001, 6.52542710e-001, 5.72003245e-001,
       1.32998005e-001, 8.21656525e-001, 7.82791078e-001,
       8.88665676e-001, 9.77414429e-001, 9.10659611e-001,
       9.44687843e-001, 3.39248955e-001, 4.05198149e-002,
       7.26213872e-001, 5.14763653e-001, 3.95781755e-001,
       2.10832328e-001, 5.28340191e-002, 8.20316017e-001,
       5.19011974e-001, 3.06634903e-001, 3.62165391e-001,
       1.91940621e-001, 6.13693774e-001, 7.14530230e-001,
       4.97718900e-001, 2.81590879e-001, 4.90450054e-001,
       3.75666708e-001, 1.82875201e-001, 7.74943754e-002,
       2.69132704e-001, 9.32836771e-001, 9.20978606e-001,
       4.42375571e-001, 7.61373401e-001, 2.71381468e-001,
       5.38437009e-001, 5.38029909e-001, 9.41232085e-001,
       2.71008581e-001, 4.99746114e-001, 9.42607999e-001,
       5.49981117e-001, 6.53061807e-001, 2.79281586e-001,
       7.42542326e-001, 3.26668173e-001, 2.16988027e-001,
       7.37299085e-001, 4.03985292e-001, 9.94421899e-001,
       5.59766948e-001, 2.55896509e-001, 9.51457083e-001,
       7.47200549e-001, 7.70632386e-001, 5.14627457e-001,
       3.65135670e-001, 4.25482005e-001, 5.82340002e-001,
       4.19159800e-001, 6.84939101e-002, 2.96583444e-001,
       2.32822463e-001, 6.91049933e-001, 7.86368370e-001,
       9.53240931e-001, 3.73573393e-001, 9.07106519e-001,
       6.67416096e-001, 9.78429079e-001, 7.01252997e-001,
       3.02418321e-001, 8.72097969e-001, 7.03189611e-001,
       5.10501981e-001, 2.17931792e-001, 2.95494422e-002,
       1.92051902e-001, 7.72732079e-001, 3.55323821e-001,
       7.71845996e-001, 6.72992170e-001, 3.35571080e-001,
       2.11081684e-001, 8.29377770e-003, 5.95050454e-001,
       6.13938987e-001, 8.28947008e-001, 5.44981658e-001,
       6.74287379e-001, 2.49275789e-001, 9.08411622e-001,
       7.15913534e-001, 4.64747429e-001, 3.06102008e-001,
       5.95382690e-001, 1.63205519e-001, 9.37564205e-003,
       9.04339254e-001, 7.70600960e-002, 3.16140383e-001,
       2.51890987e-001, 7.40762055e-001, 4.60898668e-001,
       8.83036971e-001, 4.19158302e-002, 7.60649681e-001,
       8.26257348e-001, 7.45411813e-001, 4.57937688e-001,
       3.79124805e-002, 2.17041701e-001, 7.10028782e-002,
       1.51825607e-001, 6.73495710e-001, 2.12828204e-001,
       4.01449829e-001, 2.52289981e-001, 5.61107755e-001,
       2.79853325e-002, 4.90597993e-001, 7.71900415e-001,
       9.10323322e-001, 9.06300664e-001, 4.71416749e-002,
       3.97898376e-001, 9.47408199e-001, 7.46357322e-001,
       5.24624467e-001, 5.92385009e-002, 8.13168049e-001,
       1.35816216e-001, 1.51903957e-001, 4.35050994e-001,
       2.49939576e-001, 4.73724663e-001, 6.42660260e-001,
       6.04325175e-001, 3.26746941e-001, 5.07851481e-001,
       5.11944175e-001, 5.13598382e-001, 9.42022145e-001 ]
