%YAML:1.0
features_train: !!opencv-matrix
   rows: 279
   cols: 2
   dt: f
   data: [ 3.48484844e-001, 7.17622101e-001, 3.88888896e-001,
       4.45859879e-001, 6.54882133e-001, 8.59872639e-001,
       1.88552186e-001, 2.73885339e-001, 5.45454562e-001,
       5.43524444e-001, 5.47138035e-001, 9.23566878e-001,
       2.87878782e-001, 6.15711272e-001, 6.21212125e-001,
       3.75796169e-001, 4.20875430e-001, 7.91932046e-001,
       5.82491577e-001, 3.94904464e-001, 1.56565651e-001,
       3.05732489e-001, 1.38047144e-001, 7.36730337e-001,
       3.58585864e-001, 6.83651805e-001, 5.72390556e-002,
       1.33757964e-001, 3.35016847e-001, 3.99150729e-001,
       9.59595978e-001, 4.79830146e-001, 8.40067327e-001,
       5.73248416e-002, 4.49494958e-001, 8.30148637e-001,
       2.79461265e-001, 5.83864093e-001, 2.44107738e-001,
       5.77494681e-001, 8.97306383e-001, 8.38641167e-001,
       1.95286199e-001, 3.39702755e-001, 1.59932658e-001,
       6.79405510e-001, 8.75420868e-002, 6.81528687e-001,
       6.76767647e-001, 3.56687903e-001, 1.06060609e-001,
       5.15923560e-001, 9.86531973e-001, 3.09978783e-001,
       3.95622909e-001, 6.81528687e-001, 4.46127951e-001,
       3.18471342e-001, 4.84848499e-001, 2.20806792e-001,
       5.74074090e-001, 5.28662443e-001, 8.16498339e-001,
       8.91719759e-002, 2.40740746e-001, 4.22505319e-001,
       8.35016847e-001, 7.11252630e-001, 4.07407403e-001,
       2.88747340e-001, 6.59932673e-001, 9.91507411e-001,
       4.91582483e-001, 1.50743097e-001, 5.92592597e-001,
       4.47983027e-001, 2.35690232e-002, 4.39490438e-001,
       6.81818187e-001, 4.54352438e-001, 5.60606062e-001,
       8.59872639e-001, 6.19528592e-001, 3.41825902e-001,
       3.82154882e-001, 4.09766465e-001, 9.54545438e-001,
       3.37579608e-001, 1.61616161e-001, 1.46496817e-001,
       7.30639756e-001, 6.32696390e-001, 5.23569047e-001,
       4.54352438e-001, 9.29292917e-001, 6.32696390e-001,
       5.92592597e-001, 2.16560513e-001, 4.81481493e-001,
       7.23991513e-001, 8.82154882e-001, 2.39915073e-001,
       2.18855217e-002, 3.43949050e-001, 7.96296299e-001,
       1.52866244e-001, 4.96632993e-001, 3.99150729e-001,
       5.55555560e-002, 3.24840754e-001, 5.58922529e-001,
       2.88747340e-001, 7.55892277e-001, 6.26326978e-001,
       6.26262605e-001, 3.33333343e-001, 3.88888896e-001,
       9.34182554e-002, 7.60942757e-001, 2.35668793e-001,
       2.28956223e-001, 6.90021217e-001, 8.35016847e-001,
       6.24203801e-001, 9.24242437e-001, 8.13163459e-001,
       5.89225590e-002, 6.15711249e-002, 4.14141417e-001,
       8.85350347e-001, 1.27946123e-001, 7.28237808e-001,
       4.61279452e-001, 3.65180463e-001, 5.30303001e-001,
       8.17409754e-001, 2.81144768e-001, 8.06794047e-001,
       8.43434334e-001, 8.34394932e-001, 3.78787875e-001,
       1.27388537e-002, 8.18181813e-001, 2.44161353e-001,
       3.75420868e-001, 2.22929940e-001, 3.35016847e-001,
       3.67303610e-001, 1.71717167e-001, 4.50106144e-001,
       5.77441096e-001, 5.64755857e-001, 7.92929292e-001,
       8.06794047e-001, 5.95959604e-001, 2.61146486e-001,
       3.48484844e-001, 7.09129512e-001, 3.80471379e-001,
       7.00636953e-002, 6.81818187e-001, 6.53927803e-001,
       4.78114486e-001, 1.93205938e-001, 6.31313145e-001,
       6.15711272e-001, 5.79124570e-001, 6.43312097e-001,
       2.76094288e-001, 3.39702755e-001, 1.98653191e-001,
       4.71337587e-001, 9.19191897e-001, 8.70488346e-001,
       7.18855202e-001, 6.24203801e-001, 6.17845118e-001,
       5.64755857e-001, 2.65993267e-001, 6.70912921e-001,
       5.57239056e-001, 6.34819508e-001, 3.45117837e-001,
       3.24840754e-001, 7.08754182e-001, 8.42887461e-001,
       4.37710434e-001, 4.54352438e-001, 7.35690236e-001,
       7.04883218e-001, 8.09764326e-001, 3.35456461e-001,
       7.72727251e-001, 8.70488286e-002, 6.46464646e-001,
       6.15711249e-002, 4.20875430e-001, 3.77919316e-001,
       6.26262605e-001, 6.15711249e-002, 2.89562285e-001,
       2.61146486e-001, 7.67676771e-001, 1.71974525e-001,
       6.46464646e-001, 7.28237808e-001, 6.66666687e-001,
       6.79405555e-002, 6.93602681e-001, 7.38853514e-001,
       8.35016847e-001, 1.38004243e-001, 9.30976450e-001,
       9.32059467e-001, 5.92592597e-001, 4.39490438e-001,
       2.79461265e-001, 3.29087049e-001, 9.98316526e-001,
       7.36730337e-001, 2.97979802e-001, 4.18259025e-001,
       9.05723929e-001, 2.33545639e-002, 2.05387205e-001,
       8.45010638e-001, 4.32659924e-001, 1.48619954e-002,
       2.12121218e-001, 6.64543509e-001, 6.22895621e-002,
       1.63481951e-001, 2.50841737e-001, 4.26751584e-001,
       3.53535354e-001, 8.11040342e-001, 8.87205362e-001,
       2.95116782e-001, 5.55555560e-002, 5.26539266e-001,
       9.24242437e-001, 6.56050980e-001, 6.85185194e-001,
       6.75159216e-001, 1.41414136e-001, 6.98513806e-001,
       5.52188575e-001, 9.34182554e-002, 4.24242437e-001,
       2.18683645e-001, 6.31313145e-001, 5.69002151e-001,
       5.72390556e-001, 3.35456461e-001, 9.59595978e-001,
       5.73248386e-001, 4.30976421e-001, 7.96178341e-001,
       3.18181813e-001, 8.42887461e-001, 3.75420868e-001,
       3.60934168e-001, 3.14814806e-001, 6.49681509e-001,
       7.34006763e-001, 3.82165611e-001, 6.21212125e-001,
       3.84288758e-001, 9.25925896e-002, 2.29299366e-001,
       7.02020228e-001, 2.48407647e-001, 6.19528592e-001,
       6.41188979e-001, 8.70370388e-001, 9.32059467e-001,
       2.32323229e-001, 4.98938441e-001, 3.41750830e-001,
       6.96390629e-001, 5.03367007e-001, 8.53503168e-001,
       7.94612765e-001, 1.65605098e-001, 6.63299680e-001,
       4.39490438e-001, 2.92929292e-001, 1.29511684e-001, 1.,
       9.12951171e-001, 7.97979772e-001, 7.85562620e-002,
       9.19191897e-001, 9.15074289e-001, 6.56565666e-001,
       3.54564756e-001, 2.12121218e-001, 5.85987270e-001,
       4.49494958e-001, 7.26114631e-001, 8.24915826e-001,
       9.12951171e-001, 2.72727281e-001, 4.71337587e-001,
       7.42424250e-001, 6.73036098e-001, 6.71717167e-001,
       5.94479859e-001, 8.06397319e-001, 6.70912921e-001,
       3.14814806e-001, 7.36730337e-001, 7.39057243e-001,
       5.01061559e-001, 4.83164996e-001, 7.19745219e-001,
       3.61952871e-001, 6.41188979e-001, 6.46464646e-001,
       1.65605098e-001, 7.77777791e-001, 5.41401267e-001,
       8.04713786e-001, 4.28874731e-001, 4.76430982e-001,
       4.03397024e-001, 7.40740716e-001, 9.21443760e-001,
       5.37037015e-001, 4.41613585e-001, 3.11447799e-001,
       7.91932046e-001, 2.84511775e-001, 8.98089170e-001,
       3.70370373e-002, 2.69639075e-001, 5.67340076e-001,
       6.90021217e-001, 1.11111112e-001, 9.97876823e-002,
       2.86195278e-001, 6.56050980e-001, 8.58585835e-001,
       4.73460734e-001, 4.47811455e-001, 5.69002151e-001,
       1.86868683e-001, 1.18895963e-001, 6.19528592e-001,
       4.14012730e-001, 3.70370358e-001, 5.85987270e-001,
       2.35690236e-001, 5.43524444e-001, 7.44107723e-001,
       6.11464977e-001, 3.61952871e-001, 4.37367290e-001,
       2.86195278e-002, 4.54352438e-001, 4.79797989e-001,
       6.73036098e-001, 5.57239056e-001, 4.30997878e-001,
       5.20202041e-001, 9.76645425e-002, 5.87542117e-001,
       1.46496817e-001, 3.65319878e-001, 5.22292972e-001,
       9.09090936e-002, 3.24840754e-001, 1.85185187e-002,
       3.39702755e-001, 6.06060624e-002, 6.15711272e-001,
       6.39730632e-001, 4.69214439e-001, 3.53535339e-002,
       2.67515928e-001, 3.78787875e-001, 7.26114631e-001,
       7.74410784e-001, 6.94267511e-001, 5.87542117e-001,
       3.73673022e-001, 2.87878782e-001, 5.90233564e-001,
       8.63636374e-001, 6.36942685e-002, 6.44781172e-001,
       4.73460734e-001, 4.59595948e-001, 6.58174098e-001,
       5.00000000e-001, 6.90021217e-001, 5.30303001e-001,
       7.34607220e-001, 9.61279452e-001, 4.01273876e-001,
       7.18855202e-001, 1.10403396e-001, 9.29292917e-001,
       2.92993635e-001, 1.39730632e-001, 5.94479859e-001,
       1.85185187e-002, 3.90658170e-001, 3.67003381e-001,
